checking game 1 - [41, 29, 51, 37, 21, 14, 24]
(334) Not bad, 4 hits!: [41, 29, 51, 37, 21, 14, 24] - [14, 23, 24, 26, 41, 51]
Winnings: 1
--------
---------
checking game 2 - [11, 44, 58, 55, 53, 9, 15]
(1018) Not bad, 4 hits!: [11, 44, 58, 55, 53, 9, 15] - [9, 24, 44, 51, 55, 58]
(2553) Not bad, 4 hits!: [11, 44, 58, 55, 53, 9, 15] - [13, 15, 53, 54, 55, 58]
(2625) Not bad, 4 hits!: [11, 44, 58, 55, 53, 9, 15] - [9, 10, 35, 44, 55, 58]
Winnings: 3
--------
---------
checking game 3 - [0, 12, 6, 24, 39, 23, 52]
(1147) Not bad, 4 hits!: [0, 12, 6, 24, 39, 23, 52] - [6, 23, 31, 33, 39, 52]
Winnings: 1
--------
---------
checking game 4 - [44, 54, 46, 11, 47, 51, 34]
(956) Not bad, 4 hits!: [44, 54, 46, 11, 47, 51, 34] - [46, 47, 51, 54, 57, 59]
(1242) Not bad, 4 hits!: [44, 54, 46, 11, 47, 51, 34] - [11, 34, 45, 48, 51, 54]
Winnings: 2
--------
---------
checking game 5 - [18, 24, 55, 21, 22, 42, 14]
--------
---------
checking game 6 - [56, 13, 45, 3, 41, 10, 16]
(634) Not bad, 4 hits!: [56, 13, 45, 3, 41, 10, 16] - [10, 13, 24, 41, 42, 56]
(1096) Not bad, 4 hits!: [56, 13, 45, 3, 41, 10, 16] - [3, 13, 14, 16, 41, 52]
(1171) Not bad, 4 hits!: [56, 13, 45, 3, 41, 10, 16] - [3, 10, 13, 30, 41, 57]
(1788) Not bad, 4 hits!: [56, 13, 45, 3, 41, 10, 16] - [3, 13, 42, 45, 56, 59]
(2462) Not bad, 4 hits!: [56, 13, 45, 3, 41, 10, 16] - [3, 16, 23, 41, 45, 57]
(2489) Not bad, 4 hits!: [56, 13, 45, 3, 41, 10, 16] - [3, 10, 13, 25, 41, 42]
Winnings: 6
--------
---------
checking game 7 - [15, 48, 50, 28, 19, 17, 37]
(31) Not bad, 4 hits!: [15, 48, 50, 28, 19, 17, 37] - [17, 19, 28, 45, 48, 56]
(684) Not bad, 4 hits!: [15, 48, 50, 28, 19, 17, 37] - [17, 19, 33, 37, 40, 50]
(963) Almost, 5 hits!: [15, 48, 50, 28, 19, 17, 37] - [15, 17, 37, 48, 50, 59]
(2365) Not bad, 4 hits!: [15, 48, 50, 28, 19, 17, 37] - [1, 17, 28, 37, 44, 50]
Winnings: 4
--------
---------
checking game 8 - [31, 46, 7, 0, 17, 30, 10]
(2422) Not bad, 4 hits!: [31, 46, 7, 0, 17, 30, 10] - [2, 7, 10, 20, 30, 46]
Winnings: 1
--------
---------
checking game 9 - [45, 5, 4, 42, 9, 51, 3]
(375) Not bad, 4 hits!: [45, 5, 4, 42, 9, 51, 3] - [1, 5, 9, 42, 51, 58]
(448) Almost, 5 hits!: [45, 5, 4, 42, 9, 51, 3] - [3, 5, 9, 45, 51, 52]
(599) Not bad, 4 hits!: [45, 5, 4, 42, 9, 51, 3] - [4, 6, 9, 23, 45, 51]
(2068) Not bad, 4 hits!: [45, 5, 4, 42, 9, 51, 3] - [3, 5, 9, 40, 42, 47]
Winnings: 4
--------
---------
checking game 10 - [45, 4, 52, 35, 12, 47, 57]
(1363) Not bad, 4 hits!: [45, 4, 52, 35, 12, 47, 57] - [25, 35, 42, 45, 52, 57]
(1435) Not bad, 4 hits!: [45, 4, 52, 35, 12, 47, 57] - [4, 15, 45, 47, 50, 52]
(2395) Not bad, 4 hits!: [45, 4, 52, 35, 12, 47, 57] - [4, 11, 12, 44, 45, 57]
Winnings: 3
--------
---------
checking game 11 - [33, 25, 26, 49, 15, 34, 0]
(409) Not bad, 4 hits!: [33, 25, 26, 49, 15, 34, 0] - [18, 25, 26, 31, 34, 49]
Winnings: 1
--------
---------
checking game 12 - [11, 4, 50, 26, 3, 37, 36]
(511) Not bad, 4 hits!: [11, 4, 50, 26, 3, 37, 36] - [3, 4, 8, 34, 36, 37]
(1844) Not bad, 4 hits!: [11, 4, 50, 26, 3, 37, 36] - [3, 4, 37, 39, 48, 50]
Winnings: 2
--------
---------
checking game 13 - [21, 5, 45, 35, 39, 20, 52]
--------
---------
checking game 14 - [46, 19, 10, 29, 28, 52, 6]
(879) Not bad, 4 hits!: [46, 19, 10, 29, 28, 52, 6] - [10, 28, 29, 35, 42, 46]
(911) Not bad, 4 hits!: [46, 19, 10, 29, 28, 52, 6] - [1, 6, 28, 29, 46, 49]
(1025) Not bad, 4 hits!: [46, 19, 10, 29, 28, 52, 6] - [10, 27, 28, 29, 40, 52]
(2063) Not bad, 4 hits!: [46, 19, 10, 29, 28, 52, 6] - [6, 10, 19, 24, 25, 29]
(2271) Not bad, 4 hits!: [46, 19, 10, 29, 28, 52, 6] - [6, 10, 27, 28, 41, 52]
Winnings: 5
--------
---------
checking game 15 - [59, 34, 22, 49, 5, 37, 13]
--------
---------
checking game 16 - [0, 52, 28, 58, 15, 50, 36]
(1835) Not bad, 4 hits!: [0, 52, 28, 58, 15, 50, 36] - [8, 28, 36, 47, 50, 58]
Winnings: 1
--------
---------
checking game 17 - [45, 46, 38, 14, 26, 57, 48]
(2159) Not bad, 4 hits!: [45, 46, 38, 14, 26, 57, 48] - [14, 26, 35, 38, 45, 53]
Winnings: 1
--------
---------
checking game 18 - [15, 51, 3, 31, 21, 14, 47]
(60) Not bad, 4 hits!: [15, 51, 3, 31, 21, 14, 47] - [3, 14, 15, 20, 21, 38]
(979) Not bad, 4 hits!: [15, 51, 3, 31, 21, 14, 47] - [3, 15, 28, 31, 39, 51]
(1896) Not bad, 4 hits!: [15, 51, 3, 31, 21, 14, 47] - [3, 6, 14, 15, 21, 25]
Winnings: 3
--------
---------
checking game 19 - [32, 34, 43, 42, 57, 21, 25]
(146) Not bad, 4 hits!: [32, 34, 43, 42, 57, 21, 25] - [25, 32, 34, 42, 51, 60]
(194) Not bad, 4 hits!: [32, 34, 43, 42, 57, 21, 25] - [25, 28, 32, 33, 42, 43]
(417) Not bad, 4 hits!: [32, 34, 43, 42, 57, 21, 25] - [7, 12, 21, 25, 34, 42]
(957) Not bad, 4 hits!: [32, 34, 43, 42, 57, 21, 25] - [24, 25, 32, 34, 50, 57]
(1950) Not bad, 4 hits!: [32, 34, 43, 42, 57, 21, 25] - [10, 21, 32, 34, 48, 57]
Winnings: 5
--------
---------
checking game 20 - [8, 21, 28, 45, 11, 57, 27]
(1900) Not bad, 4 hits!: [8, 21, 28, 45, 11, 57, 27] - [8, 11, 27, 28, 43, 46]
(2219) Not bad, 4 hits!: [8, 21, 28, 45, 11, 57, 27] - [8, 28, 36, 45, 57, 59]
Winnings: 2
--------
---------
checking game 21 - [13, 57, 19, 30, 31, 16, 56]
(306) Not bad, 4 hits!: [13, 57, 19, 30, 31, 16, 56] - [19, 30, 41, 47, 56, 57]
(380) Not bad, 4 hits!: [13, 57, 19, 30, 31, 16, 56] - [13, 22, 30, 31, 47, 57]
(1800) Not bad, 4 hits!: [13, 57, 19, 30, 31, 16, 56] - [6, 11, 16, 19, 31, 56]
(1927) Not bad, 4 hits!: [13, 57, 19, 30, 31, 16, 56] - [5, 11, 13, 19, 30, 31]
Winnings: 4
--------
---------
checking game 22 - [49, 33, 22, 32, 3, 59, 53]
(423) Not bad, 4 hits!: [49, 33, 22, 32, 3, 59, 53] - [8, 22, 32, 33, 40, 53]
(1233) Not bad, 4 hits!: [49, 33, 22, 32, 3, 59, 53] - [22, 29, 32, 49, 54, 59]
(2267) Not bad, 4 hits!: [49, 33, 22, 32, 3, 59, 53] - [20, 32, 33, 48, 49, 53]
(2459) Not bad, 4 hits!: [49, 33, 22, 32, 3, 59, 53] - [15, 24, 33, 49, 53, 59]
Winnings: 4
--------
---------
checking game 23 - [23, 55, 0, 5, 27, 20, 6]
(179) Not bad, 4 hits!: [23, 55, 0, 5, 27, 20, 6] - [5, 6, 23, 26, 27, 53]
(1231) Not bad, 4 hits!: [23, 55, 0, 5, 27, 20, 6] - [5, 20, 23, 27, 39, 49]
Winnings: 2
--------
---------
checking game 24 - [32, 0, 2, 33, 13, 38, 4]
--------
---------
checking game 25 - [50, 35, 14, 37, 52, 15, 33]
--------
---------
checking game 26 - [57, 1, 36, 48, 45, 12, 30]
(843) Not bad, 4 hits!: [57, 1, 36, 48, 45, 12, 30] - [1, 16, 34, 36, 45, 48]
(2282) Not bad, 4 hits!: [57, 1, 36, 48, 45, 12, 30] - [12, 27, 30, 36, 45, 52]
Winnings: 2
--------
---------
checking game 27 - [30, 28, 56, 6, 19, 54, 59]
--------
---------
checking game 28 - [20, 48, 33, 35, 16, 12, 19]
(317) Not bad, 4 hits!: [20, 48, 33, 35, 16, 12, 19] - [16, 20, 27, 30, 35, 48]
(319) Not bad, 4 hits!: [20, 48, 33, 35, 16, 12, 19] - [12, 16, 17, 19, 23, 48]
Winnings: 2
--------
---------
checking game 29 - [11, 13, 46, 30, 35, 1, 8]
(2100) Not bad, 4 hits!: [11, 13, 46, 30, 35, 1, 8] - [1, 10, 11, 13, 35, 49]
(2136) Almost, 5 hits!: [11, 13, 46, 30, 35, 1, 8] - [1, 8, 11, 22, 30, 35]
Winnings: 2
--------
---------
checking game 30 - [36, 49, 31, 23, 58, 16, 55]
(995) Not bad, 4 hits!: [36, 49, 31, 23, 58, 16, 55] - [4, 16, 31, 36, 54, 55]
Winnings: 1
--------
---------
checking game 31 - [15, 34, 55, 36, 5, 11, 53]
(1159) Not bad, 4 hits!: [15, 34, 55, 36, 5, 11, 53] - [5, 6, 34, 46, 53, 55]
(2200) Not bad, 4 hits!: [15, 34, 55, 36, 5, 11, 53] - [11, 15, 28, 36, 43, 55]
(2392) Not bad, 4 hits!: [15, 34, 55, 36, 5, 11, 53] - [11, 15, 23, 25, 34, 53]
(2584) Not bad, 4 hits!: [15, 34, 55, 36, 5, 11, 53] - [1, 5, 12, 36, 53, 55]
(2659) Not bad, 4 hits!: [15, 34, 55, 36, 5, 11, 53] - [11, 36, 46, 53, 55, 60]
Winnings: 5
--------
---------
checking game 32 - [41, 10, 5, 20, 36, 51, 29]
(496) Not bad, 4 hits!: [41, 10, 5, 20, 36, 51, 29] - [10, 19, 20, 29, 41, 59]
(1183) Not bad, 4 hits!: [41, 10, 5, 20, 36, 51, 29] - [5, 10, 12, 20, 29, 37]
(1214) Not bad, 4 hits!: [41, 10, 5, 20, 36, 51, 29] - [5, 29, 30, 36, 41, 48]
(2322) Not bad, 4 hits!: [41, 10, 5, 20, 36, 51, 29] - [2, 5, 10, 29, 34, 41]
Winnings: 4
--------
---------
checking game 33 - [5, 21, 52, 54, 27, 3, 56]
(7) Not bad, 4 hits!: [5, 21, 52, 54, 27, 3, 56] - [3, 5, 20, 21, 38, 56]
(356) Not bad, 4 hits!: [5, 21, 52, 54, 27, 3, 56] - [5, 19, 21, 54, 56, 58]
Winnings: 2
--------
---------
checking game 34 - [36, 58, 40, 29, 6, 5, 46]
(866) Not bad, 4 hits!: [36, 58, 40, 29, 6, 5, 46] - [5, 27, 36, 40, 46, 48]
(1372) Not bad, 4 hits!: [36, 58, 40, 29, 6, 5, 46] - [3, 36, 40, 46, 58, 60]
(2229) Not bad, 4 hits!: [36, 58, 40, 29, 6, 5, 46] - [6, 11, 29, 40, 41, 58]
Winnings: 3
--------
---------
checking game 35 - [21, 3, 2, 23, 34, 40, 35]
(747) Not bad, 4 hits!: [21, 3, 2, 23, 34, 40, 35] - [2, 3, 12, 21, 23, 56]
(1212) Not bad, 4 hits!: [21, 3, 2, 23, 34, 40, 35] - [2, 23, 33, 35, 40, 50]
(1290) Not bad, 4 hits!: [21, 3, 2, 23, 34, 40, 35] - [2, 3, 14, 23, 34, 50]
(2069) Not bad, 4 hits!: [21, 3, 2, 23, 34, 40, 35] - [3, 17, 34, 35, 40, 48]
Winnings: 4
--------
---------
checking game 36 - [8, 17, 40, 39, 26, 35, 2]
(714) Not bad, 4 hits!: [8, 17, 40, 39, 26, 35, 2] - [7, 8, 17, 35, 39, 53]
(2288) Almost, 5 hits!: [8, 17, 40, 39, 26, 35, 2] - [2, 26, 35, 39, 40, 56]
Winnings: 2
--------
---------
checking game 37 - [20, 7, 29, 18, 10, 15, 51]
(82) Not bad, 4 hits!: [20, 7, 29, 18, 10, 15, 51] - [15, 18, 29, 36, 51, 53]
(990) Not bad, 4 hits!: [20, 7, 29, 18, 10, 15, 51] - [2, 10, 15, 18, 29, 39]
(996) Not bad, 4 hits!: [20, 7, 29, 18, 10, 15, 51] - [7, 15, 20, 21, 23, 29]
Winnings: 3
--------
---------
checking game 38 - [16, 11, 54, 37, 58, 21, 44]
(50) Not bad, 4 hits!: [16, 11, 54, 37, 58, 21, 44] - [6, 16, 21, 44, 57, 58]
(225) Not bad, 4 hits!: [16, 11, 54, 37, 58, 21, 44] - [2, 4, 16, 21, 37, 58]
(679) Not bad, 4 hits!: [16, 11, 54, 37, 58, 21, 44] - [3, 21, 25, 37, 54, 58]
(1717) Not bad, 4 hits!: [16, 11, 54, 37, 58, 21, 44] - [2, 9, 16, 37, 44, 58]
(2461) Not bad, 4 hits!: [16, 11, 54, 37, 58, 21, 44] - [8, 11, 16, 21, 32, 37]
Winnings: 5
--------
---------
checking game 39 - [52, 36, 5, 55, 4, 48, 25]
(134) Not bad, 4 hits!: [52, 36, 5, 55, 4, 48, 25] - [4, 25, 32, 36, 52, 60]
(222) Not bad, 4 hits!: [52, 36, 5, 55, 4, 48, 25] - [5, 19, 30, 48, 52, 55]
(1220) Not bad, 4 hits!: [52, 36, 5, 55, 4, 48, 25] - [5, 15, 43, 48, 52, 55]
(2560) Not bad, 4 hits!: [52, 36, 5, 55, 4, 48, 25] - [4, 5, 17, 20, 48, 52]
Winnings: 4
--------
---------
checking game 40 - [53, 37, 6, 18, 56, 38, 20]
(143) Not bad, 4 hits!: [53, 37, 6, 18, 56, 38, 20] - [6, 18, 20, 40, 50, 53]
(566) Not bad, 4 hits!: [53, 37, 6, 18, 56, 38, 20] - [6, 13, 17, 18, 20, 37]
(1578) Not bad, 4 hits!: [53, 37, 6, 18, 56, 38, 20] - [3, 6, 30, 37, 53, 56]
(2533) Not bad, 4 hits!: [53, 37, 6, 18, 56, 38, 20] - [17, 18, 20, 37, 45, 53]
Winnings: 4
--------
---------
checking game 41 - [53, 57, 47, 4, 13, 15, 40]
(34) Almost, 5 hits!: [53, 57, 47, 4, 13, 15, 40] - [13, 15, 17, 40, 53, 57]
(2231) Almost, 5 hits!: [53, 57, 47, 4, 13, 15, 40] - [4, 13, 25, 40, 53, 57]
Winnings: 2
--------
---------
checking game 42 - [9, 56, 20, 34, 29, 31, 46]
(22) Not bad, 4 hits!: [9, 56, 20, 34, 29, 31, 46] - [1, 9, 31, 38, 46, 56]
(792) Not bad, 4 hits!: [9, 56, 20, 34, 29, 31, 46] - [9, 29, 34, 43, 45, 56]
Winnings: 2
--------
---------
checking game 43 - [25, 10, 54, 34, 38, 13, 30]
(2057) Not bad, 4 hits!: [25, 10, 54, 34, 38, 13, 30] - [10, 13, 20, 37, 38, 54]
Winnings: 1
--------
---------
checking game 44 - [39, 37, 15, 11, 34, 55, 51]
(1428) Not bad, 4 hits!: [39, 37, 15, 11, 34, 55, 51] - [7, 15, 19, 34, 37, 55]
(2027) Not bad, 4 hits!: [39, 37, 15, 11, 34, 55, 51] - [11, 15, 29, 37, 39, 44]
Winnings: 2
--------
---------
checking game 45 - [38, 54, 49, 47, 23, 43, 14]
--------
---------
checking game 46 - [15, 7, 43, 5, 41, 49, 40]
(669) Not bad, 4 hits!: [15, 7, 43, 5, 41, 49, 40] - [7, 24, 27, 40, 41, 49]
Winnings: 1
--------
---------
checking game 47 - [46, 23, 18, 9, 57, 32, 50]
(1243) Not bad, 4 hits!: [46, 23, 18, 9, 57, 32, 50] - [9, 19, 23, 29, 32, 57]
(1600) Almost, 5 hits!: [46, 23, 18, 9, 57, 32, 50] - [9, 23, 32, 35, 46, 57]
(1916) Not bad, 4 hits!: [46, 23, 18, 9, 57, 32, 50] - [3, 9, 18, 23, 50, 52]
Winnings: 3
--------
---------
checking game 48 - [50, 0, 26, 13, 6, 36, 10]
--------
---------
checking game 49 - [18, 1, 31, 5, 39, 46, 58]
(101) Not bad, 4 hits!: [18, 1, 31, 5, 39, 46, 58] - [1, 18, 29, 31, 37, 39]
(872) Not bad, 4 hits!: [18, 1, 31, 5, 39, 46, 58] - [5, 18, 31, 43, 55, 58]
(1685) Not bad, 4 hits!: [18, 1, 31, 5, 39, 46, 58] - [3, 18, 31, 39, 46, 51]
(2125) Not bad, 4 hits!: [18, 1, 31, 5, 39, 46, 58] - [1, 31, 44, 46, 53, 58]
Winnings: 4
--------
---------
checking game 50 - [38, 44, 55, 7, 58, 36, 18]
(999) Almost, 5 hits!: [38, 44, 55, 7, 58, 36, 18] - [18, 24, 36, 44, 55, 58]
(1695) Not bad, 4 hits!: [38, 44, 55, 7, 58, 36, 18] - [24, 36, 38, 43, 44, 58]
Winnings: 2
--------
---------
checking game 51 - [34, 27, 12, 14, 59, 16, 2]
(57) Not bad, 4 hits!: [34, 27, 12, 14, 59, 16, 2] - [7, 16, 17, 27, 34, 59]
Winnings: 1
--------
---------
checking game 52 - [42, 6, 15, 53, 18, 49, 20]
(143) Not bad, 4 hits!: [42, 6, 15, 53, 18, 49, 20] - [6, 18, 20, 40, 50, 53]
(494) Not bad, 4 hits!: [42, 6, 15, 53, 18, 49, 20] - [18, 20, 28, 32, 49, 53]
(1034) Not bad, 4 hits!: [42, 6, 15, 53, 18, 49, 20] - [1, 3, 18, 20, 42, 49]
(1053) Not bad, 4 hits!: [42, 6, 15, 53, 18, 49, 20] - [15, 27, 34, 42, 49, 53]
(1569) Not bad, 4 hits!: [42, 6, 15, 53, 18, 49, 20] - [5, 15, 18, 31, 42, 53]
(1741) Not bad, 4 hits!: [42, 6, 15, 53, 18, 49, 20] - [15, 18, 20, 32, 48, 49]
Winnings: 6
--------
---------
checking game 53 - [4, 39, 35, 30, 26, 44, 2]
(91) Not bad, 4 hits!: [4, 39, 35, 30, 26, 44, 2] - [2, 4, 10, 35, 39, 60]
(1525) Not bad, 4 hits!: [4, 39, 35, 30, 26, 44, 2] - [2, 26, 30, 35, 46, 54]
(1767) Not bad, 4 hits!: [4, 39, 35, 30, 26, 44, 2] - [16, 26, 35, 39, 44, 45]
(2288) Not bad, 4 hits!: [4, 39, 35, 30, 26, 44, 2] - [2, 26, 35, 39, 40, 56]
Winnings: 4
--------
---------
checking game 54 - [31, 42, 9, 32, 57, 41, 30]
(676) Not bad, 4 hits!: [31, 42, 9, 32, 57, 41, 30] - [9, 15, 32, 41, 42, 49]
(1605) Not bad, 4 hits!: [31, 42, 9, 32, 57, 41, 30] - [9, 19, 21, 30, 31, 42]
(2286) Not bad, 4 hits!: [31, 42, 9, 32, 57, 41, 30] - [9, 21, 30, 41, 42, 43]
(2341) Not bad, 4 hits!: [31, 42, 9, 32, 57, 41, 30] - [4, 9, 31, 32, 42, 46]
Winnings: 4
--------
---------
checking game 55 - [6, 39, 1, 22, 5, 33, 23]
(468) Not bad, 4 hits!: [6, 39, 1, 22, 5, 33, 23] - [5, 6, 23, 25, 39, 51]
(1033) Not bad, 4 hits!: [6, 39, 1, 22, 5, 33, 23] - [5, 6, 17, 33, 39, 54]
(1135) Not bad, 4 hits!: [6, 39, 1, 22, 5, 33, 23] - [4, 5, 6, 19, 23, 39]
(1147) Not bad, 4 hits!: [6, 39, 1, 22, 5, 33, 23] - [6, 23, 31, 33, 39, 52]
(2156) Not bad, 4 hits!: [6, 39, 1, 22, 5, 33, 23] - [1, 6, 23, 26, 39, 49]
(2517) Almost, 5 hits!: [6, 39, 1, 22, 5, 33, 23] - [1, 5, 6, 16, 22, 39]
Winnings: 6
--------
---------
checking game 56 - [40, 44, 35, 29, 41, 54, 34]
(1119) Not bad, 4 hits!: [40, 44, 35, 29, 41, 54, 34] - [10, 34, 41, 44, 45, 54]
(2211) Not bad, 4 hits!: [40, 44, 35, 29, 41, 54, 34] - [27, 36, 40, 41, 44, 54]
(2506) Not bad, 4 hits!: [40, 44, 35, 29, 41, 54, 34] - [21, 22, 29, 34, 40, 44]
Winnings: 3
--------
---------
checking game 57 - [18, 21, 41, 53, 29, 11, 49]
(1376) Not bad, 4 hits!: [18, 21, 41, 53, 29, 11, 49] - [9, 11, 21, 49, 53, 54]
(2586) Not bad, 4 hits!: [18, 21, 41, 53, 29, 11, 49] - [10, 18, 41, 49, 53, 59]
Winnings: 2
--------
---------
checking game 58 - [50, 51, 18, 25, 7, 10, 52]
(236) Not bad, 4 hits!: [50, 51, 18, 25, 7, 10, 52] - [10, 25, 50, 52, 57, 60]
(780) Not bad, 4 hits!: [50, 51, 18, 25, 7, 10, 52] - [7, 10, 28, 50, 51, 59]
(1215) Not bad, 4 hits!: [50, 51, 18, 25, 7, 10, 52] - [10, 25, 30, 47, 50, 51]
Winnings: 3
--------
---------
checking game 59 - [57, 30, 9, 43, 50, 35, 25]
(488) Not bad, 4 hits!: [57, 30, 9, 43, 50, 35, 25] - [15, 30, 35, 39, 43, 57]
(675) Not bad, 4 hits!: [57, 30, 9, 43, 50, 35, 25] - [24, 25, 30, 42, 43, 50]
(2114) Not bad, 4 hits!: [57, 30, 9, 43, 50, 35, 25] - [17, 25, 30, 35, 42, 57]
Winnings: 3
--------
---------
checking game 60 - [59, 17, 51, 3, 28, 58, 2]
(857) Not bad, 4 hits!: [59, 17, 51, 3, 28, 58, 2] - [2, 3, 17, 49, 50, 59]
(2188) Not bad, 4 hits!: [59, 17, 51, 3, 28, 58, 2] - [2, 17, 21, 28, 51, 60]
Winnings: 2
--------
---------
checking game 61 - [0, 33, 46, 52, 14, 40, 58]
(1433) Not bad, 4 hits!: [0, 33, 46, 52, 14, 40, 58] - [4, 13, 14, 40, 46, 52]
(2613) Not bad, 4 hits!: [0, 33, 46, 52, 14, 40, 58] - [14, 26, 40, 42, 46, 52]
Winnings: 2
--------
---------
checking game 62 - [50, 57, 37, 9, 46, 33, 14]
(815) Not bad, 4 hits!: [50, 57, 37, 9, 46, 33, 14] - [9, 19, 37, 39, 50, 57]
(1686) Not bad, 4 hits!: [50, 57, 37, 9, 46, 33, 14] - [9, 14, 37, 44, 46, 55]
Winnings: 2
--------
---------
checking game 63 - [10, 41, 17, 21, 49, 37, 22]
(1867) Not bad, 4 hits!: [10, 41, 17, 21, 49, 37, 22] - [3, 10, 17, 21, 22, 43]
(2141) Not bad, 4 hits!: [10, 41, 17, 21, 49, 37, 22] - [10, 11, 17, 19, 37, 41]
(2147) Not bad, 4 hits!: [10, 41, 17, 21, 49, 37, 22] - [17, 19, 37, 41, 42, 49]
(2298) Not bad, 4 hits!: [10, 41, 17, 21, 49, 37, 22] - [13, 17, 21, 31, 41, 49]
Winnings: 4
--------
---------
checking game 64 - [49, 7, 33, 8, 36, 23, 43]
(335) Not bad, 4 hits!: [49, 7, 33, 8, 36, 23, 43] - [7, 23, 33, 43, 57, 59]
(1149) Not bad, 4 hits!: [49, 7, 33, 8, 36, 23, 43] - [7, 8, 23, 36, 46, 54]
(1438) Not bad, 4 hits!: [49, 7, 33, 8, 36, 23, 43] - [7, 14, 31, 33, 36, 49]
(1594) Not bad, 4 hits!: [49, 7, 33, 8, 36, 23, 43] - [6, 7, 8, 23, 43, 53]
Winnings: 4
--------
---------
checking game 65 - [55, 11, 52, 16, 50, 41, 54]
(150) Not bad, 4 hits!: [55, 11, 52, 16, 50, 41, 54] - [12, 44, 50, 52, 54, 55]
(1327) Not bad, 4 hits!: [55, 11, 52, 16, 50, 41, 54] - [16, 35, 36, 41, 52, 54]
(2128) Not bad, 4 hits!: [55, 11, 52, 16, 50, 41, 54] - [11, 16, 24, 46, 54, 55]
Winnings: 3
--------
---------
checking game 66 - [39, 17, 0, 53, 42, 46, 12]
(2112) Not bad, 4 hits!: [39, 17, 0, 53, 42, 46, 12] - [17, 39, 43, 46, 52, 53]
Winnings: 1
--------
---------
checking game 67 - [5, 31, 44, 11, 15, 40, 49]
--------
---------
checking game 68 - [21, 28, 56, 13, 31, 29, 2]
(310) Not bad, 4 hits!: [21, 28, 56, 13, 31, 29, 2] - [2, 14, 28, 29, 31, 32]
(2643) Not bad, 4 hits!: [21, 28, 56, 13, 31, 29, 2] - [2, 10, 29, 31, 56, 59]
Winnings: 2
--------
---------
checking game 69 - [7, 37, 9, 31, 53, 55, 19]
(45) Not bad, 4 hits!: [7, 37, 9, 31, 53, 55, 19] - [7, 30, 37, 44, 53, 55]
(207) Not bad, 4 hits!: [7, 37, 9, 31, 53, 55, 19] - [3, 7, 19, 24, 53, 55]
(1428) Not bad, 4 hits!: [7, 37, 9, 31, 53, 55, 19] - [7, 15, 19, 34, 37, 55]
(1752) Not bad, 4 hits!: [7, 37, 9, 31, 53, 55, 19] - [9, 36, 37, 53, 55, 60]
(2333) Not bad, 4 hits!: [7, 37, 9, 31, 53, 55, 19] - [9, 16, 31, 41, 53, 55]
(2382) Not bad, 4 hits!: [7, 37, 9, 31, 53, 55, 19] - [6, 9, 19, 38, 53, 55]
Winnings: 6
--------
---------
checking game 70 - [49, 5, 53, 31, 27, 51, 1]
(615) Not bad, 4 hits!: [49, 5, 53, 31, 27, 51, 1] - [5, 8, 10, 27, 31, 51]
(663) Not bad, 4 hits!: [49, 5, 53, 31, 27, 51, 1] - [1, 27, 30, 49, 51, 55]
(1163) Not bad, 4 hits!: [49, 5, 53, 31, 27, 51, 1] - [5, 17, 31, 47, 51, 53]
(2049) Not bad, 4 hits!: [49, 5, 53, 31, 27, 51, 1] - [10, 19, 27, 31, 51, 53]
Winnings: 4
--------
---------
checking game 71 - [54, 2, 29, 41, 53, 40, 22]
(121) Not bad, 4 hits!: [54, 2, 29, 41, 53, 40, 22] - [2, 29, 41, 44, 53, 55]
(235) Not bad, 4 hits!: [54, 2, 29, 41, 53, 40, 22] - [2, 22, 29, 31, 41, 55]
Winnings: 2
--------
---------
checking game 72 - [4, 35, 55, 24, 48, 18, 46]
(1492) Not bad, 4 hits!: [4, 35, 55, 24, 48, 18, 46] - [4, 9, 18, 44, 46, 48]
(2025) Not bad, 4 hits!: [4, 35, 55, 24, 48, 18, 46] - [4, 24, 46, 52, 55, 56]
Winnings: 2
--------
---------
checking game 73 - [27, 43, 33, 53, 37, 56, 13]
(71) Not bad, 4 hits!: [27, 43, 33, 53, 37, 56, 13] - [16, 27, 33, 43, 45, 53]
(482) Not bad, 4 hits!: [27, 43, 33, 53, 37, 56, 13] - [12, 13, 33, 53, 54, 56]
(685) Not bad, 4 hits!: [27, 43, 33, 53, 37, 56, 13] - [5, 12, 27, 33, 43, 56]
(784) Not bad, 4 hits!: [27, 43, 33, 53, 37, 56, 13] - [8, 27, 37, 42, 53, 56]
(1757) Not bad, 4 hits!: [27, 43, 33, 53, 37, 56, 13] - [13, 25, 28, 37, 43, 56]
Winnings: 5
--------
---------
checking game 74 - [18, 58, 11, 37, 49, 3, 24]
(1541) Not bad, 4 hits!: [18, 58, 11, 37, 49, 3, 24] - [5, 24, 37, 44, 49, 58]
(1687) Not bad, 4 hits!: [18, 58, 11, 37, 49, 3, 24] - [15, 24, 37, 46, 49, 58]
Winnings: 2
--------
---------
checking game 75 - [52, 17, 57, 53, 48, 13, 0]
(34) Not bad, 4 hits!: [52, 17, 57, 53, 48, 13, 0] - [13, 15, 17, 40, 53, 57]
Winnings: 1
--------
---------
checking game 76 - [35, 6, 51, 23, 0, 16, 15]
(731) Almost, 5 hits!: [35, 6, 51, 23, 0, 16, 15] - [6, 15, 16, 23, 28, 35]
(2616) Not bad, 4 hits!: [35, 6, 51, 23, 0, 16, 15] - [6, 16, 23, 35, 38, 49]
Winnings: 2
--------
---------
checking game 77 - [4, 50, 29, 5, 47, 19, 2]
(48) Not bad, 4 hits!: [4, 50, 29, 5, 47, 19, 2] - [2, 5, 28, 34, 47, 50]
(1712) Not bad, 4 hits!: [4, 50, 29, 5, 47, 19, 2] - [2, 12, 19, 29, 50, 59]
Winnings: 2
--------
---------
checking game 78 - [20, 23, 11, 46, 57, 4, 8]
--------
---------
checking game 79 - [55, 14, 27, 28, 25, 54, 13]
--------
---------
checking game 80 - [25, 12, 29, 27, 54, 51, 8]
(1705) Not bad, 4 hits!: [25, 12, 29, 27, 54, 51, 8] - [25, 27, 29, 37, 50, 51]
(2406) Not bad, 4 hits!: [25, 12, 29, 27, 54, 51, 8] - [8, 12, 29, 43, 54, 60]
Winnings: 2
--------
---------
checking game 81 - [43, 29, 9, 12, 37, 49, 15]
(2) Not bad, 4 hits!: [43, 29, 9, 12, 37, 49, 15] - [9, 37, 39, 41, 43, 49]
(1157) Not bad, 4 hits!: [43, 29, 9, 12, 37, 49, 15] - [9, 29, 41, 43, 46, 49]
Winnings: 2
--------
---------
checking game 82 - [8, 58, 33, 39, 6, 9, 47]
(849) Not bad, 4 hits!: [8, 58, 33, 39, 6, 9, 47] - [8, 9, 39, 44, 49, 58]
(1586) Not bad, 4 hits!: [8, 58, 33, 39, 6, 9, 47] - [8, 39, 43, 46, 47, 58]
(1944) Not bad, 4 hits!: [8, 58, 33, 39, 6, 9, 47] - [8, 9, 39, 47, 57, 59]
Winnings: 3
--------
---------
checking game 83 - [8, 10, 25, 22, 58, 36, 57]
(26) Not bad, 4 hits!: [8, 10, 25, 22, 58, 36, 57] - [10, 22, 50, 53, 57, 58]
(1471) Not bad, 4 hits!: [8, 10, 25, 22, 58, 36, 57] - [10, 25, 33, 36, 40, 58]
(2356) Not bad, 4 hits!: [8, 10, 25, 22, 58, 36, 57] - [3, 10, 25, 36, 51, 58]
(2431) Not bad, 4 hits!: [8, 10, 25, 22, 58, 36, 57] - [8, 11, 22, 25, 26, 36]
(2452) Not bad, 4 hits!: [8, 10, 25, 22, 58, 36, 57] - [8, 10, 51, 56, 57, 58]
Winnings: 5
--------
---------
checking game 84 - [7, 36, 56, 22, 18, 37, 24]
(398) Not bad, 4 hits!: [7, 36, 56, 22, 18, 37, 24] - [7, 16, 22, 28, 36, 37]
Winnings: 1
--------
---------
checking game 85 - [55, 31, 57, 26, 30, 41, 43]
(895) Not bad, 4 hits!: [55, 31, 57, 26, 30, 41, 43] - [2, 41, 43, 55, 57, 58]
Winnings: 1
--------
---------
checking game 86 - [39, 20, 14, 37, 16, 38, 56]
(313) Not bad, 4 hits!: [39, 20, 14, 37, 16, 38, 56] - [14, 16, 24, 37, 38, 53]
(550) Not bad, 4 hits!: [39, 20, 14, 37, 16, 38, 56] - [16, 17, 38, 39, 45, 56]
(2084) Not bad, 4 hits!: [39, 20, 14, 37, 16, 38, 56] - [7, 20, 26, 37, 38, 39]
(2270) Not bad, 4 hits!: [39, 20, 14, 37, 16, 38, 56] - [14, 16, 38, 39, 41, 48]
Winnings: 4
--------
---------
checking game 87 - [20, 48, 17, 1, 12, 43, 50]
(2303) Not bad, 4 hits!: [20, 48, 17, 1, 12, 43, 50] - [3, 7, 17, 20, 48, 50]
(2574) Not bad, 4 hits!: [20, 48, 17, 1, 12, 43, 50] - [12, 17, 43, 44, 48, 60]
Winnings: 2
--------
---------
checking game 88 - [6, 16, 13, 7, 32, 2, 19]
(5) Not bad, 4 hits!: [6, 16, 13, 7, 32, 2, 19] - [1, 2, 6, 16, 19, 46]
(716) Not bad, 4 hits!: [6, 16, 13, 7, 32, 2, 19] - [2, 7, 16, 29, 32, 50]
(1505) Not bad, 4 hits!: [6, 16, 13, 7, 32, 2, 19] - [1, 2, 6, 9, 16, 32]
Winnings: 3
--------
---------
checking game 89 - [35, 50, 25, 47, 53, 13, 20]
(320) Not bad, 4 hits!: [35, 50, 25, 47, 53, 13, 20] - [20, 22, 27, 47, 50, 53]
(969) Not bad, 4 hits!: [35, 50, 25, 47, 53, 13, 20] - [13, 25, 35, 41, 50, 56]
(1857) Not bad, 4 hits!: [35, 50, 25, 47, 53, 13, 20] - [13, 23, 25, 35, 52, 53]
(2154) Not bad, 4 hits!: [35, 50, 25, 47, 53, 13, 20] - [7, 25, 41, 47, 50, 53]
(2190) Not bad, 4 hits!: [35, 50, 25, 47, 53, 13, 20] - [5, 9, 20, 25, 35, 53]
Winnings: 5
--------
---------
checking game 90 - [37, 50, 21, 9, 56, 54, 35]
(762) Not bad, 4 hits!: [37, 50, 21, 9, 56, 54, 35] - [9, 12, 21, 37, 39, 54]
(2300) Not bad, 4 hits!: [37, 50, 21, 9, 56, 54, 35] - [9, 21, 37, 39, 43, 54]
Winnings: 2
--------
---------
checking game 91 - [16, 43, 57, 35, 32, 22, 15]
(246) Not bad, 4 hits!: [16, 43, 57, 35, 32, 22, 15] - [2, 16, 32, 37, 43, 57]
(488) Not bad, 4 hits!: [16, 43, 57, 35, 32, 22, 15] - [15, 30, 35, 39, 43, 57]
(891) Not bad, 4 hits!: [16, 43, 57, 35, 32, 22, 15] - [15, 16, 19, 22, 34, 35]
(1032) Not bad, 4 hits!: [16, 43, 57, 35, 32, 22, 15] - [15, 16, 26, 29, 43, 57]
(1807) Not bad, 4 hits!: [16, 43, 57, 35, 32, 22, 15] - [1, 15, 16, 22, 25, 43]
Winnings: 5
--------
---------
checking game 92 - [37, 22, 42, 39, 48, 52, 28]
(670) Not bad, 4 hits!: [37, 22, 42, 39, 48, 52, 28] - [22, 37, 42, 48, 58, 59]
(1239) Not bad, 4 hits!: [37, 22, 42, 39, 48, 52, 28] - [1, 15, 37, 39, 48, 52]
Winnings: 2
--------
---------
checking game 93 - [59, 44, 19, 31, 40, 37, 23]
(442) Not bad, 4 hits!: [59, 44, 19, 31, 40, 37, 23] - [6, 15, 23, 31, 37, 59]
(1421) Not bad, 4 hits!: [59, 44, 19, 31, 40, 37, 23] - [19, 31, 39, 44, 53, 59]
(2266) Not bad, 4 hits!: [59, 44, 19, 31, 40, 37, 23] - [10, 23, 31, 37, 58, 59]
Winnings: 3
--------
---------
checking game 94 - [12, 44, 56, 58, 24, 57, 31]
(253) Not bad, 4 hits!: [12, 44, 56, 58, 24, 57, 31] - [11, 12, 24, 37, 44, 56]
(295) Not bad, 4 hits!: [12, 44, 56, 58, 24, 57, 31] - [7, 12, 24, 31, 44, 50]
(720) Not bad, 4 hits!: [12, 44, 56, 58, 24, 57, 31] - [12, 31, 44, 51, 54, 56]
(1513) Not bad, 4 hits!: [12, 44, 56, 58, 24, 57, 31] - [17, 28, 31, 56, 57, 58]
(1667) Not bad, 4 hits!: [12, 44, 56, 58, 24, 57, 31] - [7, 12, 24, 44, 51, 56]
Winnings: 5
--------
---------
checking game 95 - [58, 23, 38, 26, 39, 43, 45]
(1711) Not bad, 4 hits!: [58, 23, 38, 26, 39, 43, 45] - [22, 26, 38, 39, 45, 50]
Winnings: 1
--------
---------
checking game 96 - [49, 30, 23, 47, 6, 50, 36]
(312) Not bad, 4 hits!: [49, 30, 23, 47, 6, 50, 36] - [14, 23, 30, 41, 47, 50]
(939) Not bad, 4 hits!: [49, 30, 23, 47, 6, 50, 36] - [6, 19, 23, 37, 49, 50]
(2013) Not bad, 4 hits!: [49, 30, 23, 47, 6, 50, 36] - [6, 23, 30, 36, 53, 56]
Winnings: 3
--------
---------
checking game 97 - [30, 13, 5, 11, 24, 39, 43]
(796) Not bad, 4 hits!: [30, 13, 5, 11, 24, 39, 43] - [5, 19, 24, 34, 39, 43]
(1927) Not bad, 4 hits!: [30, 13, 5, 11, 24, 39, 43] - [5, 11, 13, 19, 30, 31]
(1943) Not bad, 4 hits!: [30, 13, 5, 11, 24, 39, 43] - [9, 11, 12, 30, 39, 43]
Winnings: 3
--------
---------
checking game 98 - [54, 6, 23, 29, 39, 53, 55]
(180) Not bad, 4 hits!: [54, 6, 23, 29, 39, 53, 55] - [6, 23, 29, 39, 51, 60]
(360) Not bad, 4 hits!: [54, 6, 23, 29, 39, 53, 55] - [23, 24, 29, 47, 53, 55]
(1764) Not bad, 4 hits!: [54, 6, 23, 29, 39, 53, 55] - [6, 7, 29, 39, 41, 55]
(2465) Not bad, 4 hits!: [54, 6, 23, 29, 39, 53, 55] - [3, 8, 23, 29, 53, 54]
Winnings: 4
--------
---------
checking game 99 - [25, 0, 30, 45, 59, 35, 54]
--------
---------
checking game 100 - [33, 40, 15, 50, 57, 19, 51]
(684) Not bad, 4 hits!: [33, 40, 15, 50, 57, 19, 51] - [17, 19, 33, 37, 40, 50]
(793) Not bad, 4 hits!: [33, 40, 15, 50, 57, 19, 51] - [3, 15, 16, 33, 51, 57]
Winnings: 2
--------
---------
