checking game 40 - [18, 14, 10, 48, 1, 2]
(1047) Almost, 5 hits!: [18, 14, 10, 48, 1, 2] - [1, 2, 8, 10, 14, 48]
(1888) Not bad, 4 hits!: [18, 14, 10, 48, 1, 2] - [1, 10, 17, 18, 45, 48]
(2293) Not bad, 4 hits!: [18, 14, 10, 48, 1, 2] - [1, 2, 10, 37, 42, 48]
Winnings: 3


checking game 42 - [49, 47, 54, 27, 17, 14]
(67) Not bad, 4 hits!: [49, 47, 54, 27, 17, 14] - [12, 14, 17, 27, 47, 52]
(1540) Not bad, 4 hits!: [49, 47, 54, 27, 17, 14] - [3, 17, 27, 32, 47, 54]
(1614) Not bad, 4 hits!: [49, 47, 54, 27, 17, 14] - [14, 17, 21, 27, 43, 49]
Winnings: 3

checking game 45 - [17, 52, 11, 23, 53, 48]
(388) Not bad, 4 hits!: [17, 52, 11, 23, 53, 48] - [23, 36, 48, 52, 53, 58]
(443) Not bad, 4 hits!: [17, 52, 11, 23, 53, 48] - [11, 17, 26, 36, 48, 52]
(699) Not bad, 4 hits!: [17, 52, 11, 23, 53, 48] - [17, 23, 48, 50, 53, 54]
Winnings: 3

checking game 56 - [2, 56, 4, 24, 52, 14]
(107) Not bad, 4 hits!: [2, 56, 4, 24, 52, 14] - [2, 4, 16, 24, 51, 52]
(1182) Not bad, 4 hits!: [2, 56, 4, 24, 52, 14] - [2, 4, 29, 52, 56, 60]
(1913) Not bad, 4 hits!: [2, 56, 4, 24, 52, 14] - [4, 14, 17, 43, 52, 56]
(2025) Not bad, 4 hits!: [2, 56, 4, 24, 52, 14] - [4, 24, 46, 52, 55, 56]
(2464) Not bad, 4 hits!: [2, 56, 4, 24, 52, 14] - [2, 7, 24, 43, 52, 56]
Winnings: 5

checking game 88 - [58, 41, 27, 7, 26, 51]
(170) Not bad, 4 hits!: [58, 41, 27, 7, 26, 51] - [7, 41, 46, 51, 55, 58]
(473) Not bad, 4 hits!: [58, 41, 27, 7, 26, 51] - [7, 23, 41, 49, 51, 58]
(865) Not bad, 4 hits!: [58, 41, 27, 7, 26, 51] - [23, 26, 27, 41, 51, 53]
(2261) Not bad, 4 hits!: [58, 41, 27, 7, 26, 51] - [7, 23, 26, 27, 29, 51]
(2446) Not bad, 4 hits!: [58, 41, 27, 7, 26, 51] - [1, 13, 27, 41, 51, 58]
Winnings: 5

checking game 151 - [55, 16, 24, 11, 27, 46]
(399) Not bad, 4 hits!: [55, 16, 24, 11, 27, 46] - [11, 16, 27, 47, 55, 59]
(1394) Not bad, 4 hits!: [55, 16, 24, 11, 27, 46] - [11, 16, 24, 35, 46, 50]
(2105) Not bad, 4 hits!: [55, 16, 24, 11, 27, 46] - [11, 13, 16, 24, 31, 46]
(2128) Almost, 5 hits!: [55, 16, 24, 11, 27, 46] - [11, 16, 24, 46, 54, 55]
Winnings: 4


---------
checking game 41 - [53, 57, 47, 4, 13, 15, 40]
(34) Almost, 5 hits!: [53, 57, 47, 4, 13, 15, 40] - [13, 15, 17, 40, 53, 57]
(2231) Almost, 5 hits!: [53, 57, 47, 4, 13, 15, 40] - [4, 13, 25, 40, 53, 57]
Winnings: 2
--------

---------
checking game 47 - [46, 23, 18, 9, 57, 32, 50]
(1243) Not bad, 4 hits!: [46, 23, 18, 9, 57, 32, 50] - [9, 19, 23, 29, 32, 57]
(1600) Almost, 5 hits!: [46, 23, 18, 9, 57, 32, 50] - [9, 23, 32, 35, 46, 57]
(1916) Not bad, 4 hits!: [46, 23, 18, 9, 57, 32, 50] - [3, 9, 18, 23, 50, 52]
Winnings: 3
--------

---------
checking game 50 - [38, 44, 55, 7, 58, 36, 18]
(999) Almost, 5 hits!: [38, 44, 55, 7, 58, 36, 18] - [18, 24, 36, 44, 55, 58]
(1695) Not bad, 4 hits!: [38, 44, 55, 7, 58, 36, 18] - [24, 36, 38, 43, 44, 58]
Winnings: 2
--------

---------
checking game 52 - [42, 6, 15, 53, 18, 49, 20]
(143) Not bad, 4 hits!: [42, 6, 15, 53, 18, 49, 20] - [6, 18, 20, 40, 50, 53]
(494) Not bad, 4 hits!: [42, 6, 15, 53, 18, 49, 20] - [18, 20, 28, 32, 49, 53]
(1034) Not bad, 4 hits!: [42, 6, 15, 53, 18, 49, 20] - [1, 3, 18, 20, 42, 49]
(1053) Not bad, 4 hits!: [42, 6, 15, 53, 18, 49, 20] - [15, 27, 34, 42, 49, 53]
(1569) Not bad, 4 hits!: [42, 6, 15, 53, 18, 49, 20] - [5, 15, 18, 31, 42, 53]
(1741) Not bad, 4 hits!: [42, 6, 15, 53, 18, 49, 20] - [15, 18, 20, 32, 48, 49]
Winnings:

---------
checking game 7 - [15, 48, 50, 28, 19, 17, 37]
(31) Not bad, 4 hits!: [15, 48, 50, 28, 19, 17, 37] - [17, 19, 28, 45, 48, 56]
(684) Not bad, 4 hits!: [15, 48, 50, 28, 19, 17, 37] - [17, 19, 33, 37, 40, 50]
(963) Almost, 5 hits!: [15, 48, 50, 28, 19, 17, 37] - [15, 17, 37, 48, 50, 59]
(2365) Not bad, 4 hits!: [15, 48, 50, 28, 19, 17, 37] - [1, 17, 28, 37, 44, 50]
Winnings: 4
--------

---------
checking game 41 - [53, 57, 47, 4, 13, 15, 40]
(34) Almost, 5 hits!: [53, 57, 47, 4, 13, 15, 40] - [13, 15, 17, 40, 53, 57]
(2231) Almost, 5 hits!: [53, 57, 47, 4, 13, 15, 40] - [4, 13, 25, 40, 53, 57]
Winnings: 2
--------